[Unit]
MassUpdated=1
Length=0
Mass=1
Time=1
Angle=0
Force=0
Display (CAD)=1

[TreeExpandedChar]
CurExpandedChar_NEWTREE_PRIM0=3
ExpandedChar_NEWTREE_PRIM0=726567756C61746575722D73696D706C6966000000000000000000000000000042617365000000000000000000000000000000000000000000000000000000004C696169736F6E730000000000000000000000000000000000000000000000004C696169736F6E7320466F7263650000000000000000000000000000000000006F
CurExpandedChar_NEWTREE_PRIM1=4
ExpandedChar_NEWTREE_PRIM1=726567756C61746575722D73696D706C696600000000000000000000000000004261736500000000000000000000000000000000000000000000000000000000204D415353454C4F2D4330332D310000000000000000000000000000000000004C696169736F6E730000000000000000000000000000000000000000000000004C696169736F6E7320466F726365000000000000000000000000000000000000D4
CurExpandedChar_OLDTREE_PRIM0=7
ExpandedChar_OLDTREE_PRIM0=4261736500000000000000000000000000000000000000000000000000000000636F7270732D31000000000000000000000000000000000000000000000000006A6F696E7400000000000000000000000000000000000000000000000000000020464F5552524541552D31000000000000000000000000000000000000000000666F7572726561752D3100000000000000000000000000000000000000000000204D415353454C4F2D4330332D310000000000000000000000000000000000002042414755452D3100000000000000000000000000000000000000000000000062616775652D31000000000000000000000000000000000000000000000000007B

[ModelTreeOption]
TreeMode0=0
BottomPaneActivated=1
TopPaneActivated=0

[GeneralOptions]
InputGrapherActive=1
DontPlaySound=0

[DynamicMotion]
max_force=100.
force_scale=1.

[InputGrapher]
Position=0,226,632,736,1,0

[GphFrame0]
SelName0=p[2.1]
SelFile0=c:\mes documents\françois\regulateur-mw\regulateur-simplif.out
SelCol0=16711680
SelLine0=0
SelScaled0=0
SelScale0=1.
GCurveIndex0=1
bSelectIndex0=0
CurSel=0
AlertCurve=hyperstatic
AlertFile=c:\mes documents\françois\regulateur-mw\regulateur-simplif.out
AlertType=1
AlertMax0=1.
AlertMin0=0.
AlertMax1=0.
AlertMin2=0.
AlertActive=0
WindowPlacement=2C000000000000000100000000000000C4020000FFFFFFFFFFFFFFFF08000000F4000000D50100008402000043
SplitH=128
SplitV=50
CurExpanded=3
iExpanded=6079FEFFF6CAF3FFB6F2FCFFF536EFFF44
Xbegindisp=0.
Ybegindisp=-5.46825
Xenddisp=0.1
Yenddisp=60.15075
NberDigitDiv=3
NberDivX=9
DefaultDivX=9
NberDivY=5
DefaultDivY=7
FlagGrid=1
FlagAutoAxis=1
AutoScale=1
GphObjectNb=0
SelName1=frs[1]
SelFile1=c:\mes documents\françois\regulateur-mw\regulateur-simplif.out
SelCol1=255
SelLine1=0
SelScaled1=0
SelScale1=1.
GCurveIndex1=83
bSelectIndex1=0

[I3D]
speed=1.

[Mode]
Check=1
WarningKinLock=1
CompileAuto=0
Save=0

[OPTION-3D0]
ConstructionFrame=0
LiaisonFrame=0
TriedrePointer=0
BaseFrame=0
HideFrames=0
DotWithZbuffer=0

[FrameSize]
default=0.1

[MarkerStyle]
default=16
DefaultLineWidth=3.
DefaultVectorWidth=3.

[Read Write]
Mesh=0
